===== a2_seq.exe =====
 1048576
 0.000760
 2097152
 0.001496
 4194304
 0.003343
 8388608
 0.008243
 16777216
 0.013201
 33554432
 0.021113
 67108864
 0.040897
 134217728
 0.081573
 268435456
 0.162367
===== a3_seq.exe =====
 1048576
 0.002730
 2097152
 0.004945
 4194304
 0.010527
 8388608
 0.021321
 16777216
 0.042399
 33554432
 0.084678
 67108864
 0.168924
 134217728
 0.337078
 268435456
 0.673329
===== a2_par.exe =====
--- 1 ---
 1048576
 0.006114
 2097152
 0.012614
 4194304
 0.023426
 8388608
 0.041159
 16777216
 0.065609
 33554432
 0.124654
 67108864
 0.255359
 134217728
 0.508715
 268435456
 0.991727
--- 2 ---
 1048576
 0.003772
 2097152
 0.007244
 4194304
 0.014149
 8388608
 0.021717
 16777216
 0.033729
 33554432
 0.065763
 67108864
 0.125820
 134217728
 0.252038
 268435456
 0.513494
--- 4 ---
 1048576
 0.002841
 2097152
 0.004181
 4194304
 0.007966
 8388608
 0.015260
 16777216
 0.023063
 33554432
 0.036051
 67108864
 0.068593
 134217728
 0.138125
 268435456
 0.274663
--- 8 ---
 1048576
 0.010331
 2097152
 0.008052
 4194304
 0.012663
 8388608
 0.013970
 16777216
 0.018324
 33554432
 0.027256
 67108864
 0.048274
 134217728
 0.082321
 268435456
 0.162401
--- 16 ---
 1048576
 0.006399
 2097152
 0.005130
 4194304
 0.008695
 8388608
 0.011047
 16777216
 0.013746
 33554432
 0.208905
 67108864
 0.200561
 134217728
 0.208154
 268435456
 0.188957
--- 32 ---
 1048576
 0.011179
 2097152
 0.197220
 4194304
 0.198293
 8388608
 0.197303
 16777216
 0.126011
 33554432
 0.026631
 67108864
 0.231795
 134217728
 0.231124
 ===== a3_par.c =====
--- 1 ---
 1048576
 0.016072
 2097152
 0.025190
 4194304
 0.044916
 8388608
 0.086475
 16777216
 0.166790
 33554432
 0.335386
 67108864
 0.655619
 134217728
 1.274122
 268435456
 2.546226
--- 2 ---
 1048576
 0.010369
 2097152
 0.016502
 4194304
 0.027402
 8388608
 0.045630
 16777216
 0.089806
 33554432
 0.163184
 67108864
 0.325391
 134217728
 0.683164
 268435456
 1.318350
 --- 4 ---
 1048576
 0.005619
 2097152
 0.008876
 4194304
 0.017470
 8388608
 0.028886
 16777216
 0.047473
 33554432
 0.088183
 67108864
 0.177523
 134217728
 0.353961
 268435456
 0.683990
--- 8 ---
 1048576
 0.003817
 2097152
 0.005955
 4194304
 0.009150
 8388608
 0.020968
 16777216
 0.030148
 33554432
 0.053054
 67108864
 0.102190
 134217728
 0.203115
 268435456
 0.649707
--- 16 ---
 1048576
 0.059931
 2097152
 0.070764
 4194304
 0.119792
 8388608
 0.069303
 16777216
 0.061529
 33554432
 0.126835
 67108864
 0.155858
 134217728
 0.163234
 268435456
 0.339118
--- 24 ---
 1048576
 0.002661
 2097152
 0.058882
 4194304
 0.006137
 8388608
 0.011160
 16777216
 0.022667
 33554432
 0.046269
 67108864
 0.134802
 134217728
 0.171500
 268435456
 0.369914
--- 32 ---
 1048576
 0.003158
 2097152
 0.004572
 4194304
 0.006445
 8388608
 0.168406
 16777216
 0.058048
 33554432
 0.160978
 67108864
 0.207101
 134217728
 0.202772
 268435456
 0.375962
--- 48 ---
 1048576
 0.139754
 2097152
 0.079828
 4194304
 0.099889
 8388608
 0.013347
 16777216
 0.139819
 33554432
 0.055745
 67108864
 0.160391
 134217728
 0.327720
 268435456
 0.419443
--- 56 ---
 1048576
 0.098642
 2097152
 0.078700
 4194304
 0.063947
 8388608
 0.089913
 16777216
 0.149794
 33554432
 0.122487
 67108864
 0.169309
 134217728
 0.243189
 268435456
 0.394559

