===== a2_seq.exe =====
 0.000760
 0.001496
 0.003343
 0.008243
 0.013201
 0.021113
 0.040897
 0.081573
 0.162367
===== a3_seq.exe =====
 0.002730
 0.004945
 0.010527
 0.021321
 0.042399
 0.084678
 0.168924
 0.337078
 0.673329
===== a2_par.exe =====
--- 1 ---
 0.006114
 0.012614
 0.023426
 0.041159
 0.065609
 0.124654
 0.255359
 0.508715
 0.991727
--- 2 ---
 0.003772
 0.007244
 0.014149
 0.021717
 0.033729
 0.065763
 0.125820
 0.252038
 0.513494
--- 4 ---
 0.002841
 0.004181
 0.007966
 0.015260
 0.023063
 0.036051
 0.068593
 0.138125
 0.274663
--- 8 ---
 0.010331
 0.008052
 0.012663
 0.013970
 0.018324
 0.027256
 0.048274
 0.082321
 0.162401
--- 16 ---
 0.006399
 0.005130
 0.008695
 0.011047
 0.013746
 0.208905
 0.200561
 0.208154
 0.188957
--- 32 ---
 0.011179
 0.197220
 0.198293
 0.197303
 0.126011
 0.026631
 0.231795
 0.231124
 ===== a3_par.c =====
--- 1 ---
 0.016072
 0.025190
 0.044916
 0.086475
 0.166790
 0.335386
 0.655619
 1.274122
 2.546226
--- 2 ---
 0.010369
 0.016502
 0.027402
 0.045630
 0.089806
 0.163184
 0.325391
 0.683164
 1.318350
 --- 4 ---
 0.005619
 0.008876
 0.017470
 0.028886
 0.047473
 0.088183
 0.177523
 0.353961
 0.683990
--- 8 ---
 0.003817
 0.005955
 0.009150
 0.020968
 0.030148
 0.053054
 0.102190
 0.203115
 0.649707
--- 16 ---
 0.059931
 0.070764
 0.119792
 0.069303
 0.061529
 0.126835
 0.155858
 0.163234
 0.339118
--- 24 ---
 0.002661
 0.058882
 0.006137
 0.011160
 0.022667
 0.046269
 0.134802
 0.171500
 0.369914
--- 32 ---
 0.003158
 0.004572
 0.006445
 0.168406
 0.058048
 0.160978
 0.207101
 0.202772
 0.375962
--- 48 ---
 0.139754
 0.079828
 0.099889
 0.013347
 0.139819
 0.055745
 0.160391
 0.327720
 0.419443
--- 56 ---
 0.098642
 0.078700
 0.063947
 0.089913
 0.149794
 0.122487
 0.169309
 0.243189
 0.394559

